# A network in link list format
1 2 73.907434
2 1 73.907434
3 4 4.296478
5 6 85.421175
7 5 9.587616
8 7 211.95014
9 10 9.716337
10 9 9.716337
11 12 0.820859
13 14 11.977525
15 16 1.996236
17 18 20.365505
18 17 20.365505
19 20 0.601418
21 22 2.30494
23 24 90.263041
25 26 107.845738
27 28 1.514953
29 30 2.358624
31 32 16.228154
32 31 16.228154
33 34 2.873893
35 36 2.925633
37 38 15.594641
39 33 384.20252
40 41 3.15978
42 43 4.45151
44 45 14.658283
45 44 14.658283
44 45 14.658392
45 46 203.202965
46 45 203.202965
46 47 28.226691
47 46 28.226691
47 48 134.357432
48 47 134.357432
48 49 2.216852
50 51 17.245622
52 44 625.290088
53 54 10.700488
54 53 10.700488
55 56 4.248211
55 56 5.138097
56 55 5.138097
57 58 10.411728
59 60 86.711897
61 62 27.539102
62 61 27.539102
63 64 0.837761
64 63 0.837761
65 66 1.635829
67 68 25.503302
68 67 25.503302
69 70 8.309228
70 69 8.309228
70 71 16.139563
72 73 2.484615
74 75 3.723043
76 77 6.643551
78 78 1.170178
78 78 0.033993
79 80 11.432623
80 79 11.432623
80 81 11.952842
82 83 5.266436
82 84 2.991962
84 83 5.407644
84 85 0.052928
86 87 20.349099
88 86 90.987995
89 88 5.008525
90 88 29.888913
91 90 26.924557
92 93 75.011562
94 95 2.081523
96 97 72.91411
98 99 8.732696
100 98 8.988116
101 102 9.106545
102 101 9.106545
103 104 1.451196
105 106 12.082984
107 108 11.093026
108 107 11.093026
109 110 3.716712
111 112 1.991401
113 114 20.507346
115 116 19.456486
116 115 19.456486
117 118 0.108792
119 120 68.019569
121 122 35.103667
122 121 35.103667
123 124 2.73104
125 126 26.234401
127 128 43.285756
128 127 43.285756
129 130 2.106754
131 132 49.206601
133 134 11.380298
134 133 11.380298
134 135 22.490977
135 134 22.490977
136 133 17.574302
133 136 17.574302
137 138 32.44145
138 137 32.44145
139 140 2.740037
141 142 49.097134
143 144 1.609243
145 146 0.443622
147 148 4.584455
149 150 101.988797
151 152 10.260564
153 154 1.602574
155 156 0.335361
157 158 32.446242
158 157 32.446242
159 160 42.34638
161 162 1.644174
163 164 11.60798
164 163 11.60798
165 166 2.667172
167 168 6.886264
169 170 3.99871
170 167 3.912473
171 169 7.143786
168 172 6.349735
173 174 25.962334
174 173 25.962334
175 176 9.35256
177 178 65.320567
179 180 64.757601
181 182 14.587461
183 184 18.382246
184 183 18.382246
185 183 27.498779
183 185 27.498779
186 187 0.545723
188 189 15.090846
189 188 15.090846
190 191 54.896431
192 193 26.801921
194 195 5.634684
196 197 28.252561
197 196 28.252561
198 199 4.924169
200 201 11.828454
202 203 28.247506
204 205 2.544771
206 207 25.895037
207 208 38.199488
209 210 2.892573
211 212 6.817958
213 214 3.51699
215 216 20.194104
217 218 17.918973
219 220 2.623653
221 222 11.361144
223 222 0.663559
224 225 2.632615
225 224 2.632615
226 227 27.93824
228 229 29.935047
229 228 29.935047
230 231 21.954533
231 230 21.954533
232 233 0.503011
234 233 7.447689
235 234 29.24448
234 236 94.805558
236 237 11.130854
238 239 5.02386
237 240 148.261749
240 241 110.454387
242 243 113.999474
244 242 18.335184
245 244 4.667422
245 246 127.801608
247 248 3.592842
249 250 6.798987
251 252 3.06688
253 254 7.009673
255 256 17.02078
257 258 11.015466
258 257 11.015466
259 260 12.424973
261 262 18.432493
262 261 18.432493
263 259 29.865353
264 265 72.776735
266 267 16.858412
268 269 0.157463
270 269 3.222871
268 270 3.117612
271 272 9.508534
273 274 0.745917
275 264 53.342248
276 277 0.76462
272 278 48.513228
279 280 1.478292
281 282 1.762325
283 284 8.86668
285 286 2.254373
287 288 51.687765
289 290 3.814139
291 292 27.498854
293 294 27.523214
295 296 72.522099
297 298 3.768195
299 300 16.512222
300 299 16.512222
301 302 22.13148
303 304 9.251387
305 302 25.716907
302 305 25.716907
300 306 47.227933
306 300 47.227933
307 308 15.986551
309 310 15.907289
311 310 15.320604
312 313 13.63772
314 315 6.711093
316 317 20.735642
318 319 6.629201
320 321 22.716915
314 322 67.097094
323 324 7.541823
322 323 26.540142
323 322 26.540142
325 326 18.783567
326 325 18.783567
327 326 5.645139
328 329 16.121711
330 331 27.984758
332 333 15.196651
334 335 13.407675
336 337 74.086187
338 339 6.801362
340 341 66.319296
342 343 4.880051
343 342 4.880051
344 345 61.026166
345 344 61.026166
346 347 45.389464
347 346 45.389464
348 346 17.503386
346 348 17.503386
349 348 57.069649
348 349 57.069649
350 349 25.492478
349 350 25.492478
351 352 79.71949
353 354 8.156263
355 356 21.769491
357 358 4.281239
359 360 6.079247
360 361 5.445071
362 363 21.648236
364 365 34.569049
366 367 27.659923
368 369 2.189156
370 368 23.312564
368 369 8.642996
371 372 3.620793
373 374 5.365755
374 373 5.365755
375 376 7.710584
377 378 6.775373
379 380 6.979819
380 379 6.979819
381 380 32.338
380 381 32.338
382 383 14.928455
384 382 37.126693
385 386 1.317769
387 388 14.416321
389 390 23.761752
391 392 0.114631
393 392 0.283663
394 393 4.801594
395 396 5.728206
397 398 2.29106
399 400 21.865506
400 399 21.865506
401 402 9.941452
403 404 3.430396
405 406 1.937203
407 408 10.309701
409 410 0.837505
411 408 18.480884
412 413 6.574317
414 415 5.708529
416 417 0.270222
418 419 7.005134
420 421 6.681299
422 423 3.053332
424 425 6.774066
426 427 20.171053
427 426 20.171053
428 429 0.250612
429 428 0.250612
429 430 4.966952
430 429 4.966952
431 432 41.878066
433 434 1.813564
434 435 0.527532
435 433 1.938936
436 437 6.115086
437 436 6.115086
438 439 1.375217
440 440 0.008929
441 442 11.784032
440 441 0.933734
441 443 5.317143
444 441 5.80756
444 443 0.496921
445 446 0.398478
447 444 2.884377
447 445 0.096553
448 447 2.199312
449 448 6.990058
450 447 4.312274
451 452 12.926703
453 454 6.334445
454 453 6.334445
455 450 6.279404
456 457 8.833193
456 458 1.629832
459 460 2.54916
461 459 3.906239
462 459 2.545891
462 460 0.108025
463 462 4.418215
460 463 4.419012
463 460 4.419012
463 464 4.305689
464 463 4.305689
465 466 0.822859
467 468 1.797587
466 465 3.424272
469 470 2.624978
471 472 25.403853
473 474 8.916945
475 476 4.722684
477 456 20.994252
478 479 17.739999
480 481 91.18111
482 483 1.679017
484 478 14.044247
485 486 20.965645
487 488 3.05444
489 490 27.527654
491 492 2.360832
493 494 1.345778
495 496 12.645974
497 498 8.454357
498 499 2.465433
499 500 19.879165
501 502 26.571973
503 504 0.60461
504 503 0.60461
505 506 50.024392
507 508 7.608399
498 509 140.648634
509 510 52.854437
511 512 7.612403
513 512 1.354714
514 515 50.324948
516 508 114.308116
517 518 52.33986
518 517 52.33986
519 520 1.521965
521 522 16.485741
523 524 9.826562
525 526 17.691832
527 528 2.046388
529 530 52.030783
530 529 52.030783
531 532 15.927388
533 534 13.587418
535 536 0.93826
537 535 1.227196
538 537 1.53369
539 540 12.777937
541 542 21.54966
543 544 1.118969
545 546 35.48187
547 548 17.746334
548 547 17.746334
549 550 19.24981
551 552 8.48045
553 554 55.908922
555 556 1.42918
556 557 2.298594
558 559 0.75538
560 558 0.843303
561 562 1.817459
563 564 0.833396
565 563 27.595837
566 567 1.140866
568 569 1.037204
570 571 0.551543
572 573 59.560009
574 575 0.677069
576 577 82.312106
578 579 11.528974
580 581 37.947001
582 583 16.395919
584 585 10.337248
586 587 81.763648
588 589 81.871138
590 591 82.590461
592 590 6.162508
590 592 6.162508
593 588 9.575101
594 595 11.55433
595 594 11.55433
583 596 45.096047
597 598 9.383146
599 600 18.780628
601 602 21.602399
602 601 21.602399
603 604 6.579732
603 605 4.20743
606 607 1.845673
607 608 10.61528
607 604 18.793099
609 607 2.19655
610 611 1.607083
612 603 4.221656
613 614 12.557164
615 616 4.100726
617 615 5.512319
618 619 29.380641
620 593 136.755497
621 622 25.312054
623 624 10.086421
624 625 0.688365
626 627 34.024872
628 629 26.098648
630 623 9.837934
631 632 9.760891
632 633 0.473628
632 634 15.57862
635 620 61.160258
636 637 1.46619
638 628 63.656206
639 640 68.699384
641 639 7.818064
642 641 7.80562
643 644 0.555422
645 646 92.433054
647 638 18.056862
648 649 7.280992
650 648 6.5869
651 652 6.913899
651 637 66.655991
653 654 4.538701
655 653 5.87166
656 655 5.478443
657 658 19.976005
659 660 2.409039
661 662 54.352695
663 664 45.655679
664 663 45.655679
665 666 73.363019
667 668 6.096183
669 670 12.232923
671 672 18.372576
673 665 26.769486
674 675 33.748957
675 674 33.748957
676 677 2.683498
678 679 12.808735
680 681 17.760042
681 680 17.760042
682 680 64.849345
680 682 64.849345
683 684 6.299885
685 686 10.559522
687 688 2.621248
689 690 5.477626
691 692 12.670828
693 694 1.701575
695 690 9.691588
696 680 41.773306
680 696 41.773306
697 696 5.787435
698 697 233.306899
698 682 205.246837
682 698 205.246837
699 700 1.320645
701 702 2.362988
703 704 52.111057
695 705 14.65895
706 707 5.349227
708 709 52.10872
710 711 19.957297
712 713 12.499243
714 715 36.51045
716 717 60.557551
718 719 13.4942
720 721 11.179448
721 722 15.954405
723 724 8.026553
725 726 29.267228
727 728 19.307195
729 727 0.704619
730 731 3.470627
732 733 33.39614
734 735 1.101234
736 737 3.277303
738 739 23.249463
740 741 172.837091
742 743 10.884544
744 745 50.942153
746 747 43.35744
747 746 43.35744
748 749 2.482592
750 751 5.095507
751 750 5.095507
745 752 90.015779
753 754 24.227058
755 756 12.613872
756 755 12.613872
757 758 11.62183
759 760 5.119067
761 759 4.436316
762 763 0.800147
764 757 136.551474
765 697 735.447956
697 765 735.447956
766 767 3.273647
768 769 1.938013
770 764 54.606359
771 770 5.758125
772 770 9.952156
772 771 5.657639
772 772 0.006413
773 772 8.034187
773 774 6.061571
775 773 1.472018
776 772 9.325409
776 775 4.160748
777 776 5.435281
778 779 22.66067
778 780 0.051223
781 778 11.847945
782 783 16.126475
783 784 9.270129
785 786 0.601325
787 784 5.853541
788 787 53.73754
789 786 13.820364
790 791 28.423516
792 787 91.597569
793 794 3.304687
795 793 0.901156
796 797 4.174967
765 798 338.383776
798 765 338.383776
799 800 7.048177
801 802 3.62025
803 804 21.841498
805 806 9.60191
807 806 1.29738
808 809 0.185911
806 810 0.347855
810 807 1.403032
811 809 1.367823
811 808 1.319936
812 813 6.751732
814 815 0.775593
816 817 1.96178
818 819 11.390256
819 820 59.757746
821 822 0.663453
823 824 23.759315
825 826 11.12239
825 827 1.606953
828 829 7.943422
829 830 1.071455
831 829 19.251648
832 833 15.171398
834 835 62.900721
835 834 62.900721
836 837 4.598917
836 837 4.59825
838 839 20.832438
840 836 11.066381
841 842 58.298702
841 843 0.630284
844 845 7.942034
844 846 2.843909
847 845 2.977565
848 843 61.363886
849 850 11.356252
850 851 3.435918
852 849 1.740555
853 854 7.979649
855 856 2.950856
857 858 0.992809
859 860 0.957084
861 862 29.093842
862 861 29.093842
863 864 4.137252
864 863 4.137252
865 866 5.151876
866 865 5.151876
867 865 36.007341
865 867 36.007341
868 865 1.362681
869 870 42.136255
871 872 38.442704
873 874 3.272989
875 876 5.660511
877 878 3.532898
879 880 100.44129
881 882 154.205275
882 881 154.205275
883 884 12.457293
884 883 12.457293
885 886 27.048011
887 888 15.540002
888 887 15.540002
889 890 9.13917
891 892 83.581698
892 891 83.581698
893 894 6.590564
895 896 58.099335
897 898 127.266044
899 900 5.62668
901 902 0.460362
903 899 6.29921
904 905 1.029263
906 907 5.854131
908 909 12.051302
909 908 12.051302
910 911 4.128337
912 910 3.261056
913 908 2.382868
908 913 2.382868
914 913 9.136095
915 916 2.286192
916 917 223.827859
915 918 2.344453
918 916 0.482232
914 919 9.068221
919 914 9.068221
920 919 8.167157
921 903 13.334881
922 917 107.219629
923 924 13.355314
925 926 12.807154
926 925 12.807154
927 928 24.374839
929 930 0.232202
930 929 0.235168
929 929 0.0241
931 932 15.746366
933 934 51.313675
935 936 50.663964
937 938 71.829621
939 940 25.039244
941 942 5.218482
943 941 8.691563
944 945 44.8188
946 944 25.794652
947 948 2.133894
947 949 11.869546
950 951 2.170123
952 953 5.635965
954 955 13.663408
956 957 16.082246
958 959 2.316649
960 961 9.945109
962 963 0.459886
964 965 0.993722
966 967 14.230204
968 969 10.961514
970 971 1.457556
972 973 6.591665
972 974 23.762855
975 976 1.041157
977 978 6.84681
979 980 13.766573
981 982 53.245989
983 984 16.435676
985 986 46.416222
987 988 10.035039
989 990 0.917375
991 992 2.096648
993 994 3.161217
993 995 52.141237
996 997 75.619984
998 999 6.353621
998 999 6.354843
1000 998 6.676094
1001 998 7.352648
1002 1003 16.573806
1004 1005 16.408139
1001 1006 93.898924
1007 1008 28.522179
1009 1006 48.007307
1010 1011 0.715388
1012 1011 0.93326
1011 1012 0.93326
1010 1012 0.951142
1013 1014 33.324062
1015 1016 25.38383
1017 1018 25.384589
1019 1020 17.625707
1021 1019 2.143669
1020 1021 19.694075
1021 1022 12.623227
1023 1022 15.353704
1024 1025 99.734754
1026 1027 2.610928
1026 1028 62.0578
1029 1030 7.376576
1031 1032 35.928515
1033 1034 0.593849
1035 1036 1.437416
1037 1038 69.697387
1038 1037 69.697387
1039 1040 51.156832
1041 1042 16.784103
1043 1044 6.560757
1045 1046 72.871395
1047 1048 22.555719
1049 1050 7.762286
1051 1052 1.124119
1053 1054 0.868563
1055 1056 24.855571
1057 1058 0.994393
1059 1060 9.915926
1060 1059 9.915926
1061 1062 1.641029
1062 1063 7.108567
1064 1063 0.049363
1063 1064 0.050512
1064 1064 0.009115
1065 1066 39.473928
1064 1067 10.726796
1068 1067 1.344215
1069 1070 28.112846
1071 1072 78.630549
1073 1074 0.88289
1075 1076 1.893039
1076 1077 1.200362
1075 1077 2.897384
1077 1078 14.68377
1079 1080 1.206709
1078 1081 29.86635
1082 1083 5.602798
1084 1085 1.228078
1086 1087 12.253559
1087 1086 12.253559
1088 1089 41.108509
1090 1091 9.221203
1093 1092 13.786747
1092 1090 0.96469
1094 1095 19.43654
1096 1097 2.405792
1098 1099 18.033142
1100 1098 2.739473
1101 1102 73.910243
1103 1104 10.377315
1105 1103 0.504205
1106 1107 1.510754
1106 1108 22.711407
1109 1103 11.107019
1110 1111 2.111023
1112 1109 7.565329
1113 1114 3.343501
1115 1110 7.167731
1116 1115 6.351847
1117 1118 3.330595
1118 1119 2.738154
1120 1121 3.272077
1122 1120 3.282965
1123 1124 4.75524
1125 1126 5.994305
1127 1125 5.893215
1128 1129 2.130335
1130 1131 3.350985
1132 1133 0.871857
1134 1135 61.43583
1136 1134 1.27647
1137 1136 8.271683
1138 1139 1.223287
1140 1141 0.834985
1142 1143 1.598718
1144 1145 5.441733
1146 1147 1.093174
1148 1149 57.079941
1150 1151 20.813432
1152 1150 15.245158
1150 1152 14.37425
1153 1154 4.604883
1154 1153 4.604883
1155 1153 3.88913
1156 1155 0.310293
1157 1156 5.457632
1156 1157 5.457632
1158 1159 2.048498
1160 1155 10.206896
1155 1160 10.206896
1161 1160 0.186302
1160 1161 0.186302
1162 1161 0.63812
1161 1162 0.63812
1162 1157 10.242951
1157 1162 10.242951
1163 1162 5.626511
1162 1163 5.626511
1163 1157 14.807427
1157 1163 14.807427
1164 1163 3.95949
1163 1164 3.95949
1165 1163 3.360818
1163 1165 3.360818
1165 1164 1.251285
1166 1160 7.825108
1160 1166 7.825108
1161 1166 7.68339
1166 1161 7.68339
1166 1162 7.213359
1162 1166 7.213359
1167 1166 8.796856
1167 1165 4.356161
1165 1167 4.356161
1168 1167 2.722285
1168 1164 5.971282
1164 1168 5.971282
1169 1167 13.230634
1167 1169 13.230634
1170 1171 10.748274
1172 1173 78.4838
1174 1175 5.031066
1176 1174 49.005092
1177 1178 73.504777
1179 1180 8.118232
1181 1182 100.769289
1183 1184 108.342474
1184 1185 20.939188
1185 1186 9.786471
1187 1188 9.137034
1189 1190 8.669689
1191 1192 6.32026
1193 1191 0.109101
1194 1191 6.320259
1195 1196 0.906185
1197 1198 12.202644
1199 1197 2.040953
1200 1197 7.33734
1197 1200 7.33734
1200 1201 0.920861
1202 1203 11.863695
1204 1205 12.971901
1205 1204 12.971901
1206 1207 6.600482
1208 1209 57.173191
1210 1211 38.126604
1209 1212 13.065283
1213 1214 99.150949
1215 1216 13.789942
1216 1217 32.657019
1218 1219 36.569427
1220 1221 45.098486
1222 1223 74.153524
1223 1222 74.153524
1224 1225 28.320589
1226 1227 7.268083
1228 1229 58.377499
1230 1231 60.180704
1232 1233 29.942811
1234 1235 11.534956
1236 1237 5.01928
1238 1239 28.749302
1240 1238 20.69753
1241 1242 57.335727
1243 1244 2.462248
1245 1246 1.701321
1247 1248 25.008121
1249 1250 57.506492
1251 1252 14.408506
1253 1252 12.528503
1254 1253 1.144577
1255 1256 26.357391
1257 1258 1.594054
1259 1260 6.516506
1261 1259 1.356905
1262 1263 9.440423
1258 1264 25.75735
1265 1266 1.091867
1267 1268 32.384851
1269 1270 1.264526
1271 1272 4.790253
1273 1271 4.180451
1274 1275 0.435566
1276 1274 0.257286
1277 1278 5.796697
1279 1280 1.729337
1280 1279 1.729337
1281 1282 0.711152
1283 1284 4.989504
1285 1286 40.784086
1287 1288 5.270347
1289 1290 1.210727
1291 1292 10.905442
1292 1291 10.905442
1293 1294 4.097348
1295 1296 5.651415
1297 1298 17.087732
1297 1299 24.12829
1300 1301 14.728195
1302 1303 26.115638
1303 1302 26.115638
1304 1305 0.840084
1306 1307 1.100688
1308 1309 7.789364
1309 1308 7.789364
1310 1311 10.885359
1312 1313 11.923238
1314 1315 3.898897
1316 1317 4.722549
1318 1316 5.552903
1318 1318 0.020227
1319 1318 5.489236
1320 1321 8.556374
1322 1323 4.87791
1324 1325 4.912147
1326 1327 0.024264
1328 1326 5.429681
1329 1328 1.315203
1330 1331 15.18031
1332 1333 4.491036
1334 1335 10.057315
1335 1334 10.057315
1336 1337 95.967459
1338 1339 15.348477
1340 1341 9.273811
1342 1343 0.90419
1344 1341 33.817558
1345 1346 56.377454
1347 1348 2.949713
1349 1347 19.930285
1347 1349 19.930285
1350 1351 1.021436
1350 1352 58.62657
1353 1354 3.096501
1355 1356 2.092809
1357 1358 4.12934
1357 1355 2.99031
1359 1357 19.071319
1360 1361 4.442183
1362 1363 16.420192
1364 1365 3.832013
1366 1367 1.750231
1368 1369 1.411767
1370 1371 6.65143
1371 1370 6.65143
1372 1373 6.906297
1374 1375 3.774858
1376 1377 18.253341
1378 1379 3.462117
1380 1381 8.578227
1382 1383 30.74545
1384 1385 3.062419
1386 1387 15.480908
1387 1386 15.480908
1388 1389 4.57893
1390 1391 14.89462
1392 1391 28.968727
1393 1394 7.176464
1394 1393 7.176464
1395 1396 13.588053
1397 1398 4.244875
1399 1400 69.922945
1401 1402 0.87653
1403 1401 4.062174
1404 1405 9.032453
1406 1399 48.744603
1407 1408 7.795074
1408 1407 7.795074
1409 1410 45.825074
1411 1412 10.103235
1413 1414 39.715641
1415 1414 15.29409
1416 1417 43.408331
1418 1419 9.716589
1420 1421 11.554198
1422 1423 11.025779
1424 1425 24.613081
1426 1427 25.472359
1428 1429 10.087413
1430 1431 13.743547
1431 1430 13.743547
1428 1432 14.895111
1432 1433 0.737463
1434 1435 3.720722
1436 1432 37.271067
1437 1437 0.023507
1438 1437 0.15992
1438 1437 0.16
1437 1439 0.537785
1439 1439 0.033537
1439 1438 0.378797
1440 1441 9.199653
1442 1443 0.984475
1444 1445 0.596155
1446 1447 6.472892
1448 1449 12.628895
1449 1448 12.628895
1450 1451 1.678782
1452 1453 58.865012
1454 1455 0.720421
1456 1457 0.974334
1458 1459 3.954343
1460 1461 4.466745
1460 1462 2.0683
1463 1464 1.17593
1465 1466 4.250987
1467 1468 0.567476
1469 1470 18.365525
1470 1469 18.365525
1471 1472 26.289272
1473 1474 0.699242
1475 1476 1.00657
1477 1478 4.364998
1476 1477 5.160562
1479 1480 65.268404
1481 1482 3.16481
1483 1484 11.309553
1483 1485 3.246487
1486 1487 5.339961
1488 1486 6.259632
1477 1488 9.857324
1489 1490 14.747244
1484 1491 20.812769
1492 1493 33.872609
1494 1495 2.663611
1496 1497 1.604151
1498 1486 15.489997
1499 1500 66.546414
1499 1499 0.006614
1501 1502 4.590147
1503 1501 0.640468
1502 1503 4.439652
1501 1501 0.084368
1503 1501 0.670697
1501 1504 0.6558
1504 1501 1.099538
1505 1506 0.972253
1507 1508 9.744708
1509 1510 11.036834
1511 1512 0.23687
1511 1513 2.376748
1514 1511 2.331132
1511 1514 2.331132
1513 1514 0.267584
1515 1514 11.697589
1514 1515 11.697589
1515 1516 2.689642
1517 1515 104.58883
1515 1517 104.58883
1518 1511 6.563221
1519 1519 0.012057
1519 1519 0.012057
1519 1520 4.364717
1521 1518 10.360509
1522 1519 11.58452
1523 1524 0.895929
1525 1526 9.475971
1527 1525 35.935933
1526 1528 1.637756
1528 1525 11.069209
1528 1529 10.136674
1530 1531 11.853142
1532 1533 5.014431
1534 1535 80.21634
1536 1537 3.336918
1537 1538 8.329654
1539 1540 0.246068
1541 1542 17.375557
1542 1541 17.375557
1543 1544 5.730995
1545 1546 4.372707
1547 1548 12.173335
1548 1549 28.078368
1550 1551 47.556825
1552 1553 15.597649
1553 1552 15.597649
1554 1555 32.649069
1556 1554 42.053301
1557 1558 33.077593
1559 1557 41.996087
1560 1561 4.980989
1562 1563 26.224899
1564 1565 34.129836
1566 1567 1.504264
1568 1569 7.232493
1569 1570 6.607596
1571 1572 75.778829
1573 1574 10.395326
1575 1576 1.391239
1577 1578 2.144079
1579 1580 15.162467
1581 1582 7.57027
1582 1581 7.57027
1583 1584 1.408221
1585 1586 7.123477
1586 1585 7.123477
1587 1588 22.31446
1589 1590 5.280539
1591 1589 4.588427
1592 1593 51.485535
1594 1595 47.135624
1596 1597 5.21331
1598 1599 2.552614
1600 1601 41.375879
1601 1600 41.375879
1602 1603 0.364677
1604 1605 1.552194
1605 1604 1.552194
1606 1607 5.101264
1608 1609 1.533224
1610 1609 0.011166
1609 1611 11.161537
1612 1613 6.054721
1613 1614 93.859235
1615 1616 61.475036
1616 1615 61.475036
1617 1618 5.753505
1619 1617 59.217786
1617 1619 59.217786
1620 1621 4.286853
1618 1620 105.014979
1620 1618 105.014979
1622 1623 1.094352
1624 1625 66.227538
1626 1627 2.148474
1628 1629 71.542858
1629 1628 71.542858
1630 1631 44.854874
1632 1633 42.060032
1634 1635 22.913828
1636 1637 4.393717
1637 1636 4.393717
1638 1639 86.053873
1640 1641 13.036362
1642 1643 12.239795
1644 1645 70.771329
1645 1644 70.771329
1646 1644 75.921448
1647 1644 0.176384
1644 1647 0.176384
1644 1648 0.370764
1649 1648 3.511026
1649 1647 3.702882
1647 1649 3.702882
1650 1649 7.025948
1649 1650 7.025948
1651 1650 0.094757
1651 1649 7.120096
1652 1651 5.413416
1653 1654 10.192324
1655 1652 200.994434
1652 1655 200.994434
1656 1657 34.04876
1658 1659 1.004054
1660 1661 0.219755
1660 1662 29.942731
1662 1660 29.942731
1662 1660 29.941994
1663 1664 0.054249
1665 1666 0.096019
1667 1668 12.310637
1669 1670 29.251014
1671 1672 3.704379
1673 1674 16.529995
1675 1676 38.752846
1676 1675 38.752846
1677 1678 16.280362
1679 1680 22.128719
1680 1679 22.128719
1681 1682 6.973495
1683 1684 3.046902
1684 1683 3.046902
1685 1686 9.952421
1687 1685 1.008499
1688 1689 6.64313
1690 1691 2.566308
1692 1693 1.427382
1694 1695 12.103257
1696 1697 1.643758
1698 1699 55.348882
1700 1701 11.438963
1701 1700 11.438963
1702 1703 0.852676
1704 1702 20.098808
1705 1706 26.156663
1706 1705 26.156663
1707 1708 3.864942
1708 1707 3.864942
1709 1710 2.380844
1711 1712 25.978665
1713 1714 45.941439
1715 1716 1.818408
1717 1718 74.419672
1719 1720 227.415765
1721 1717 263.430331
1717 1721 263.430331
1722 1723 793.596178
1723 1722 793.596178
798 1724 211.680523
1724 798 211.680523
1725 1724 5.249385
1724 1725 5.249385
1726 1723 189.728584
871 881 155.437828
881 871 155.437828
1724 1727 285.52475
1727 1724 285.52475
1727 1728 367.11764
1728 1727 367.11764
1729 1730 319.667193
1731 871 38.106752
1730 1732 77.900752
1726 1733 257.576309
1733 1726 257.576309
1734 1735 361.853082
1735 1734 361.853082
1736 1734 49.700095
881 1737 183.78661
1737 881 183.78661
1735 1738 634.920169
1738 1739 16.199809
1740 492 41.535237
492 1740 41.535237
492 1741 441.38615
1742 1743 490.880496
1743 1742 490.880496
491 1743 96.696856
1743 491 96.696856
1744 396 30.024465
396 1744 30.024465
1743 1745 72.569419
1745 1743 72.569419
1746 1744 221.763727
1744 1746 221.763727
1737 1747 240.721268
1747 1737 240.721268
1748 1749 173.094126
1749 1748 173.094126
1750 1748 50.183126
1748 1750 50.183126
1736 1751 306.259767
1751 1736 306.259767
1752 1717 367.755369
1753 1750 47.347936
1750 1753 47.347936
888 1753 83.348672
1753 888 83.348672
1754 887 65.492921
887 1754 65.492921
1755 1754 25.214094
1754 1755 25.214094
1756 1755 36.549995
1755 1756 36.549995
1747 1756 30.243595
1756 1747 30.243595
1720 1757 363.277381
1752 1757 147.091795
1755 1758 94.894328
1758 1755 94.894328
1751 1371 13.439675
1371 1751 13.439675
1753 891 44.231313
891 1753 44.231313
1745 1759 104.01753
892 888 45.623984
888 892 45.623984
1760 491 384.447161
1761 698 273.563863
529 1722 412.836251
1722 529 412.836251
530 1740 544.021454
1740 530 544.021454
1730 1762 309.833023
606 1726 328.402311
892 1763 49.001981
1763 892 49.001981
891 1764 33.98215
1764 891 33.98215
1733 1765 322.575346
1765 1733 322.575346
1761 609 392.211652
607 1766 214.047709
1766 607 214.047709
1766 1765 47.200918
1765 1766 47.200918
1765 1767 111.628066
1767 1765 111.628066
1767 529 415.624162
529 1767 415.624162
1768 1729 427.176357
1759 1746 764.815522
1746 1759 764.815522
604 609 19.132038
1767 1769 24.829405
1769 1767 24.829405
1754 1770 95.403681
1770 1754 95.403681
1771 1761 23.373341
1763 1764 97.118974
1764 1763 97.118974
1772 529 40.497424
529 1772 40.497424
1770 1763 82.430613
1763 1770 82.430613
1773 1770 26.894656
1770 1773 26.894656
1758 1773 7.063803
1773 1758 7.063803
1771 612 391.903407
605 1769 366.332589
1756 1774 104.859715
1774 1756 104.859715
1773 1774 38.334713
1774 1773 38.334713
1769 1772 415.150025
1772 1760 270.65447
1774 1747 131.471231
1747 1774 131.471231
1757 1736 1242.308725
1775 1771 45.250831
1760 395 1308.183592
1776 798 407.950179
1776 1771 1043.319654
1777 1778 150.388471
1778 1777 150.388471
1775 1777 207.007232
1777 1775 207.007232
1778 1779 686.283963
1779 1778 686.283963
1728 1780 449.348099
1781 1728 553.528398
1728 1781 553.528398
1781 1776 556.043778
1780 1781 319.996569
1782 1731 464.644432
1782 1780 177.842752
1783 1782 806.889875
1769 1784 151.163412
1784 1769 151.163412
1779 1785 553.810648
1785 1779 553.810648
1785 1781 50.61781
1781 1785 50.61781
1786 1787 177.920749
1787 1786 177.920749
395 1787 582.434611
1787 395 582.434611
1739 1100 2049.954645
1788 1768 199.570999
1768 1788 199.570999
1789 1760 282.888512
1783 1790 139.10113
1791 1788 26.781433
1788 1791 26.781433
1099 1792 24.014492
1792 1099 24.014492
1793 1099 112.015784
1792 1098 19.823744
1794 1775 256.126646
1099 1793 112.61067
1795 1772 236.638927
1772 1795 236.638927
1789 517 58.451922
517 1789 58.451922
1796 1789 4.309074
1795 1796 107.897431
1796 1795 107.897431
1793 1797 197.640055
1798 257 8.016076
1799 1798 22.402248
1798 1799 22.402248
1800 1792 77.230516
1801 1798 37.090429
1802 603 295.460782
1784 1803 141.361605
1803 1784 141.361605
1804 1800 28.066762
396 1801 2107.122648
1805 1803 80.993557
1803 1805 80.993557
1802 1805 290.457346
1805 1802 290.457346
1806 1802 5.151724
1794 1806 393.195555
1806 1794 393.195555
1807 1791 386.653706
1791 1807 386.653706
1797 1807 431.642495
1792 1808 119.56278
1808 1792 119.56278
1809 1801 61.205223
517 1810 189.862375
1811 1809 3.550964
262 1811 14.925385
1811 262 14.925385
1812 1795 146.817587
1803 1813 209.468894
1813 1803 209.468894
1778 1814 342.577829
1814 1778 342.577829
1814 750 90.250786
750 1814 90.250786
1815 1816 338.374589
1816 1815 338.374589
1808 1817 155.066952
1817 1808 155.066952
700 1794 135.880544
700 1814 379.064746
1814 700 379.064746
1818 1812 60.303349
1784 1819 477.697488
1819 1784 477.697488
1797 1820 185.770404
1820 1797 185.770404
1820 1783 2305.014519
1819 1818 165.921109
1818 1819 165.921109
1813 1819 141.922172
1819 1813 141.922172
1820 1821 45.587124
1821 1820 45.587124
1804 1822 169.853746
1822 1820 174.887865
1752 1823 683.075558
1823 1752 683.075558
1817 1822 142.635056
1824 1817 1.992581
1825 1799 460.45924
1799 1825 460.45924
1371 1826 669.538294
1826 1371 669.538294
1827 1815 294.441656
1815 1827 294.441656
1828 261 492.370718
261 1828 492.370718
1805 1829 252.715769
1829 1805 252.715769
1809 1830 358.37144
1830 1809 358.37144
1801 1831 542.50123
1832 1833 26.985659
1833 1832 26.985659
1823 1827 149.286802
1827 1823 149.286802
1831 1832 2.696292
1834 1831 35.951438
1831 1834 35.951438
1834 1828 6.680575
1828 1834 6.680575
1835 1834 31.748597
1834 1835 31.748597
1836 261 310.624054
261 1836 310.624054
1266 1739 904.100631
1837 1838 430.727944
1838 1837 430.727944
1270 1738 907.785993
1808 1266 1850.046688
1266 1808 1850.046688
1265 1270 16.2524
1270 1265 16.2524
1829 1839 131.173084
1839 1829 131.173084
1813 1839 208.02943
1839 1813 208.02943
518 1840 410.053621
1840 518 410.053621
1840 1837 672.122753
1837 1840 672.122753
1841 1269 142.537437
1842 1806 357.371849
1829 1843 153.895871
1843 1829 153.895871
1842 1843 175.596094
1843 1842 175.596094
1810 1844 265.373004
1840 1844 133.251704
1844 1840 133.251704
1819 1845 319.153267
1845 1819 319.153267
1826 1846 109.938724
1846 1826 109.938724
1847 1818 264.606887
1839 1848 167.894795
1848 1839 167.894795
1837 1849 100.042501
1849 1837 100.042501
1850 1849 444.587404
1849 1850 444.587404
1269 1846 977.691817
1846 1269 977.691817
1787 1851 1101.30677
1851 1787 1101.30677
1852 1265 142.604362
1852 1824 1844.509999
1841 1852 16.410166
1839 1845 196.955087
1845 1839 196.955087
1833 1853 861.555986
1853 1833 861.555986
1843 1848 223.12165
1848 1843 223.12165
1823 1854 266.255724
1854 1823 266.255724
1832 1853 817.578638
1855 1842 197.997434
1856 1835 532.329528
1835 1856 532.329528
1854 1857 41.389363
1848 1858 96.339427
1858 1848 96.339427
1859 699 424.773379
1860 1855 175.391167
1861 1855 3.434592
1861 1858 282.067935
1858 1861 282.067935
1862 1847 155.124276
1859 1860 217.397765
1857 1863 115.38899
1863 1857 115.38899
1864 1857 41.12394
1865 1866 229.493078
1866 1865 229.493078
1867 1868 16.597532
1868 1867 16.597532
1822 1869 456.244723
1869 1870 4.619731
1871 1868 110.017613
1868 1871 110.017613
1824 1872 493.540061
1872 1824 493.540061
1853 1873 136.579573
1873 1853 136.579573
1868 1874 20.72344
1874 1868 20.72344
1856 1873 257.394236
1873 1856 257.394236
1868 1875 156.711991
1875 1868 156.711991
1876 1866 318.311961
1866 1876 318.311961
1873 1871 313.872101
1871 1873 313.872101
1877 1782 948.102461
1506 1878 51.164626
1879 1790 769.494289
1790 1879 769.494289
1880 1505 41.897494
1785 1881 1043.274003
1882 164 579.379202
1883 1870 156.611587
1845 1884 328.819913
1884 1845 328.819913
1885 1886 24.280598
1887 1872 151.716605
1888 1889 52.057134
1889 1890 34.147185
1888 1890 47.492299
1890 1888 47.492299
1891 1859 238.28394
1892 1861 240.826618
1890 1893 123.933304
1893 1890 123.933304
511 1894 112.636345
1895 1862 211.490887
1889 1882 120.884145
1882 1889 120.884145
513 511 8.031621
512 1896 389.696455
1897 513 1.729582
1887 1883 14.512897
1883 1887 14.512897
1882 173 29.66702
173 1882 29.66702
1884 1895 205.89581
1858 1884 409.980706
1884 1858 409.980706
1860 1898 241.868386
1898 1860 241.868386
1899 1505 280.734847
1898 1892 178.489738
1892 1898 178.489738
1891 1898 214.991941
1898 1891 214.991941
1900 1901 125.780387
1901 1900 125.780387
1902 1887 577.596094
1887 1902 577.596094
1893 174 31.029519
174 1893 31.029519
174 175 24.735721
175 174 24.735721
1853 175 944.052468
175 176 12.407149
176 175 12.407149
174 166 74.475768
166 174 74.475768
176 1903 63.112389
1904 1883 92.649342
1905 1906 254.554623
1907 1906 459.694352
1906 1907 459.694352
1906 1904 15.107582
1904 1906 15.107582
1903 165 30.996591
1908 1909 234.175588
1909 1908 234.175588
1814 1910 923.35283
1910 1814 923.35283
176 1911 85.598062
1911 176 85.598062
1912 1899 134.246176
1899 1912 134.246176
1912 1908 22.193394
1908 1912 22.193394
1911 1913 48.014672
1913 1903 88.641556
1914 1913 5.863305
165 1915 309.229714
1915 165 309.229714
1830 1916 891.481517
1916 1830 891.481517
1916 1811 1182.76134
1875 1917 439.9198
1917 1875 439.9198
1918 1891 225.063285
1919 1876 620.244625
1876 1919 620.244625
1918 1910 463.149454
1910 1918 463.149454
1920 1921 172.664032
1921 1920 172.664032
1922 1918 11.812189
1914 1923 104.710276
1924 1892 237.742349
1917 1925 73.618839
1925 1917 73.618839
1898 1926 236.603558
1926 1898 236.603558
1922 1926 213.220763
1926 1922 213.220763
1925 1911 123.130022
1926 1924 180.430033
1924 1926 180.430033
1927 1922 31.277283
1919 1928 193.985345
1928 1919 193.985345
1876 1928 445.088364
1928 1876 445.088364
1929 1912 120.543115
1912 1929 120.543115
1866 1930 434.458835
1930 1866 434.458835
1879 925 380.618932
1921 1929 23.421718
1929 1921 23.421718
1910 1931 62.356845
1931 1910 62.356845
1928 1930 228.741375
1930 1928 228.741375
1931 1927 468.934088
1927 1931 468.934088
1923 1932 87.547853
1933 1934 950.722298
1934 1933 950.722298
1933 925 311.835092
925 1933 311.835092
1935 1925 170.830775
1923 1936 90.637478
1932 1936 82.36865
1937 1895 373.500883
1938 1939 52.448713
1939 1938 52.448713
925 1938 916.633525
1938 925 916.633525
1940 1877 432.857642
1940 1933 514.61207
1933 1940 514.61207
1844 1941 794.189313
1942 1836 992.272406
1836 1942 992.272406
1942 1916 89.248545
1943 1904 355.58545
1881 1944 448.433799
1939 1945 701.045821
1945 1939 701.045821
1946 1927 139.705051
1917 1935 170.90418
1935 1917 170.90418
1936 1947 298.56364
1948 1935 63.290479
1949 1887 440.827597
1945 1950 377.43091
1950 1945 377.43091
610 1924 186.463148
1951 1897 505.286382
1906 1093 345.185406
1926 1952 188.595246
1952 1926 188.595246
1953 1950 429.739712
1093 1943 19.680998
611 1954 22.125502
1946 1952 213.845105
1093 1092 14.401724
1091 1953 3.143323
1952 1954 181.938077
1779 1955 1530.256088
1955 1779 1530.256088
1954 610 22.532188
1956 1852 804.923973
1957 1841 802.625548
1955 1944 579.66988
1944 1955 579.66988
1957 1956 16.511549
1958 1957 486.365007
1884 1959 516.507857
1959 1884 516.507857
611 1959 597.521521
1960 1937 142.241664
1959 1960 147.980228
1961 1796 1371.476835
1960 1961 24.761225
1962 1951 30.676576
1941 1963 144.869923
1961 1963 18.230391
1964 1951 31.979911
1963 1965 3.226227
1965 1964 130.568353
1964 1966 22.589241
1966 1962 14.803123
1967 1968 19.225746
1968 1967 19.225746
1969 1919 388.911178
1919 1969 388.911178
1970 1933 286.179392
1933 1970 286.179392
1971 1960 135.322312
1875 1972 758.569462
1972 1875 758.569462
1965 1973 132.42529
1967 1972 156.768464
1972 1967 156.768464
1970 1974 243.03127
1974 1970 243.03127
1975 1948 226.143337
1976 1942 321.050264
1947 1977 193.163428
1849 1978 1137.810377
1978 1849 1137.810377
1972 1979 92.574321
1979 1972 92.574321
1976 1980 423.120052
1981 1976 102.510466
1981 1919 688.979206
1919 1981 688.979206
1969 1981 173.6627
1930 1982 372.334394
1982 1930 372.334394
1982 1969 419.510786
1978 1982 1173.096015
751 750 4963.409512
750 751 4963.409512
1955 799 453.391822
1983 1976 129.040948
1962 1984 605.680134
1984 1978 131.599072
1985 1970 157.509768
1970 1985 157.509768
1931 1986 587.494652
1986 1931 587.494652
1987 1092 432.371772
1988 1975 312.279139
800 1986 506.67584
1986 1989 3.428775
1990 1943 436.606615
1977 1991 340.769696
1992 1949 441.954519
1987 1990 15.388818
1990 1987 15.388818
1993 1987 472.714373
1987 1993 472.714373
1990 1992 14.415099
1992 1990 14.415099
1994 1971 291.240778
614 1954 547.465156
1973 1995 291.219595
1991 1996 70.396612
1992 1997 501.842552
1997 1992 501.842552
544 1994 115.822623
1996 1998 32.993382
1999 1946 585.189423
1999 2000 66.25559
2000 2001 106.101672
2001 614 220.254461
1995 2002 91.747839
615 613 5.53256
2003 1999 18.904372
1989 2003 582.600841
2003 615 392.380178
2004 2003 17.613079
616 2005 357.090518
520 2006 36.381647
2002 2007 23.461391
520 1966 518.477217
2008 617 11.695112
2002 519 142.006242
519 2006 32.491263
2008 2004 392.473266
2005 543 381.282657
2006 508 117.08039
2007 2009 133.886623
508 1984 546.957672
2009 516 37.113813
2007 2010 8.572566
507 2010 278.293583
2011 1956 612.535255
2012 2011 45.428933
2011 2012 45.428933
2013 1988 271.49895
2013 1967 561.708755
1967 2013 561.708755
2012 1957 654.829399
2014 544 136.823212
1958 2012 1043.435353
2012 1958 1043.435353
2010 2015 128.042552
1977 2016 1758.908481
2016 1977 1758.908481
1955 2017 773.974091
2017 1955 773.974091
2018 2019 1128.461404
2019 2018 1128.461404
2020 2013 224.818793
2021 2020 81.927042
1998 2022 314.554349
2023 2021 36.610507
1980 2024 1377.254298
1980 2025 623.893487
2025 1980 623.893487
2026 2023 163.796115
2022 2027 78.008139
2027 2028 129.01842
925 2029 1131.452824
2017 800 779.470306
800 2017 779.470306
1780 2030 2312.59537
2028 2031 35.019273
2032 2033 26.506017
2033 2032 26.506017
2034 2025 456.883563
2025 2034 456.883563
2031 2035 42.080861
1983 2036 629.36564
2036 1983 629.36564
2037 2016 351.340423
2016 2037 351.340423
2025 2024 1017.062875
2024 2025 1017.062875
2024 2026 273.242033
2036 2034 478.093879
2034 2036 478.093879
2019 2037 270.17302
2037 2019 270.17302
2033 2029 467.435251
2029 2033 467.435251
2038 2017 589.786323
2017 2038 589.786323
2030 2038 21.122778
2038 2030 21.122778
2030 2039 2.879915
2040 2039 18.700502
2039 2040 18.700502
2029 2040 433.761609
2040 2029 433.761609
2041 2011 255.327251
2042 2041 9.325888
1272 2041 11.994725
1271 2012 216.353654
1886 1271 2579.033886
2043 2004 302.529737
2044 2043 9.183795
2045 2042 18.309139
2044 2043 769.123465
2045 1273 25.874251
2025 2046 164.899388
2046 2025 164.899388
2019 2047 290.077868
2047 2019 290.077868
239 2024 173.347823
2048 2049 29.851133
2049 2048 29.851133
2016 2050 518.818094
2050 2016 518.818094
2049 2051 26.240758
2051 2049 26.240758
2051 2052 270.642805
2052 2051 270.642805
2053 2042 560.747421
2041 2054 563.308017
1903 2055 2204.36442
2056 2057 330.881259
2057 2056 330.881259
2050 2058 121.325017
2058 2050 121.325017
2059 2045 555.183181
2060 2053 85.133539
2061 2059 87.275763
2060 2061 18.107449
2061 2060 18.107449
2005 2062 620.552288
2062 2005 620.552288
1987 2063 1060.617788
1915 2064 2051.201647
2064 1915 2051.201647
2049 2065 115.867327
2065 2049 115.867327
2058 2055 15.829995
2055 2058 15.829995
2055 107 7.58393
2065 2056 180.191369
2056 2065 180.191369
2066 2008 597.549059
2063 1990 1074.447502
2067 2044 286.507036
108 2064 101.006652
2064 108 101.006652
2068 2066 164.621372
2067 2068 228.232774
2066 2062 358.246317
2054 2069 524.548783
1149 2060 438.769882
2070 2014 483.753558
2062 2070 383.329272
2071 2061 434.216606
1148 2072 16.594862
2072 1148 16.594862
1553 1929 1580.328703
1929 1553 1580.328703
2072 2071 62.311855
2063 2073 174.747151
2073 1992 1254.094613
2069 2074 538.124291
2075 1148 477.25485
2076 2077 311.875932
2036 2078 709.697653
2078 2036 709.697653
2077 2078 2.106212
1945 2079 1556.080179
2079 1945 1556.080179
2037 2080 818.789038
2080 2037 818.789038
2081 2082 51.507745
2083 2045 545.71925
2084 2085 53.220134
2086 2081 297.822755
2087 2086 522.565307
2086 2087 522.565307
2088 2029 718.4919
2029 2088 718.4919
2089 2086 326.076644
2090 2084 614.55198
2091 2092 10.917838
2092 2091 10.917838
2074 2092 449.02096
2093 2089 55.95488
2061 2094 448.381756
2094 2061 448.381756
2092 2095 11.209519
2095 2092 11.209519
2095 2075 452.688225
2034 2096 761.838837
2096 2034 761.838837
2073 2097 270.889552
2094 2083 617.011138
2083 2094 617.011138
2078 2098 791.049748
2099 2094 18.446984
2094 2099 18.446984
2100 2101 202.288821
2101 2100 202.288821
2098 2096 6.545066
2102 2090 53.03285
2096 2101 485.11934
2097 2102 50.065138
2103 238 646.109917
2097 2093 43.170966
2104 2103 43.452897
2101 2105 17.380202
2105 2101 17.380202
2106 2103 27.280704
2107 2099 118.063406
2099 2107 118.063406
2101 2104 619.126688
2104 2106 16.887645
2097 2108 12.190236
2092 2097 902.574972
2072 2109 361.173045
2109 2072 361.173045
2108 2095 906.94566
2108 2110 13.598164
2111 2108 13.538655
2110 2111 3.383251
2110 2112 3.414684
2109 2107 326.757505
2107 2109 326.757505
2112 2072 1841.415731
2033 2113 816.548076
2113 2033 816.548076
2114 2109 478.784976
2109 2114 478.784976
2038 2115 827.548227
2088 2116 85.012586
2113 2116 515.387388
2116 2113 515.387388
2117 2040 824.767741
2039 2118 824.079711
2118 2115 17.815506
2115 2118 17.815506
2117 2118 18.270052
2118 2117 18.270052
2116 2117 237.955925
2117 2116 237.955925
2119 1273 823.990798
2120 2083 260.627542
2121 2119 823.013488
2119 2121 823.013488
2122 2119 1.356127
2122 2120 16.058193
2120 2122 16.058193
2101 2123 296.127506
2123 2101 296.127506
2124 1456 2909.514368
1456 2124 2909.514368
1457 2125 165.019893
2126 2127 398.90178
2127 2126 398.90178
2127 2056 824.522498
2056 2127 824.522498
2128 2070 764.555963
1431 2125 31.469091
2125 1431 31.469091
2015 2129 1248.0738
2130 2120 236.945069
2131 1552 848.925041
1552 2131 848.925041
2082 2132 910.578758
2113 2132 360.331262
2132 2113 360.331262
2132 2133 14.188378
2133 2132 14.188378
2085 2133 910.715792
2134 2066 829.172274
2135 2123 158.104359
2077 2136 610.782965
2136 2077 610.782965
2116 2137 370.343841
2138 2128 38.767191
2134 2139 404.886681
2140 2139 16.149752
2139 2140 16.149752
2132 2137 535.382177
2139 2138 338.836942
2141 2098 461.212709
2137 889 11.476546
250 2106 487.676943
2142 2134 15.245506
2135 249 410.957184
2143 2076 645.536845
2076 2143 645.536845
2141 2135 492.993866
2129 2144 49.749207
2136 2141 894.012377
2143 2136 201.397885
1984 2145 1776.483689
